200 100
200
143 2
106 4
67 0
183 0
89 0
58 3
45 2
79 1
164 2
98 5
79 3
89 0
163 4
152 0
14 5
63 5
88 5
158 2
10 5
73 2
52 4
180 5
187 4
184 1
75 1
157 0
56 2
79 0
90 3
69 1
37 2
100 2
18 5
89 5
183 1
125 4
114 0
189 3
90 2
50 3
167 3
27 3
29 0
48 5
89 0
27 2
72 0
77 5
30 1
122 1
162 0
45 5
156 3
162 3
134 2
47 4
11 5
39 2
107 2
45 5
134 0
140 5
179 5
142 3
22 3
56 2
65 0
176 5
155 1
37 5
67 2
30 2
4 0
80 1
7 3
119 2
147 5
29 4
157 5
103 5
15 1
75 1
120 0
177 1
197 3
12 0
169 4
26 2
196 1
22 1
179 5
28 0
146 4
42 4
188 4
15 2
87 3
88 2
5 3
151 0
61 3
156 3
102 3
159 5
143 2
11 4
37 2
25 1
132 4
139 1
153 0
47 5
32 2
13 5
115 3
54 2
175 2
195 5
8 0
150 3
79 4
50 2
154 4
142 4
35 5
187 2
174 1
131 3
142 3
26 2
105 2
3 0
197 3
61 1
0 1
134 5
139 3
57 3
18 5
82 0
40 5
174 0
161 1
19 2
75 3
54 3
106 2
70 4
49 5
132 0
108 2
67 4
24 5
148 3
186 5
60 0
43 0
194 3
105 0
185 4
95 2
26 3
78 2
76 5
130 2
120 5
158 1
145 5
84 1
93 4
63 2
139 0
146 1
170 5
31 0
69 2
150 2
149 4
41 3
116 5
106 3
132 3
72 1
71 3
17 5
51 1
25 0
193 5
33 4
43 1
101 1
60 0
68 1
118 5
85 1
123 3
136 1
113 1
147 1
11 2
17 4
47 1
191 1
111 5
148 1
83 0
75 5
47 5
157 4
77 4
182 2
70 0
159 3
84 0
56 2
45 4
51 3
166 1
43 4
29 1
39 1
82 3
149 3
129 3
75 3
29 4
121 2
28 1
13 1
58 3
109 0
30 4
158 4
9 0
190 4
75 0
121 5
161 5
6 2
192 2
16 4
76 0
32 2
147 2
4 0
15 2
23 5
101 5
17 3
7 4
13 0
47 0
51 5
137 0
124 4
142 1
33 4
193 4
11 5
112 4
83 1
125 2
134 1
39 4
142 2
199 5
176 2
93 2
77 0
132 5
167 0
147 0
54 1
183 2
95 3
48 3
168 3
189 2
118 1
4 1
178 4
163 2
97 3
168 3
70 3
194 1
46 5
83 0
198 1
102 4
50 2
131 3
125 2
189 4
59 1
146 3
13 2
31 3
93 3
71 3
53 2
136 2
134 1
161 4
159 1
43 2
70 3
120 2
70 1
138 4
174 1
121 4
145 1
51 5
31 4
99 4
50 0
92 5
88 0
137 0
139 1
61 3
22 1
3 0
118 0
55 0
73 3
105 5
96 0
86 2
64 5
40 1
33 1
52 4
137 1
31 1
100 0
160 3
103 1
28 3
187 3
43 3
85 2
22 2
97 3
156 4
30 3
198 1
101 4
145 0
84 2
163 1
3 5
39 4
53 1
136 3
136 0
140 0
37 5
132 5
132 5
187 5
163 5
178 2
81 4
166 4
186 2
48 2
169 5
179 3
16 1
94 2
35 1
74 2
48 2
72 2
62 1
135 3
71 1
52 1
165 0
189 3
50 4
26 1
91 0
166 2
154 4
193 3
169 0
61 5
143 2
100 4
126 3
96 2
62 2
168 1
32 3
104 5
8 3
14 3
3 1
56 0
22 4
122 2
50 5
170 1
171 0
122 4
20 3
12 2
193 2
146 0
149 1
6 1
164 4
45 0
53 3
163 3
13 3
127 1
43 4
60 4
77 1
168 3
159 1
100 5
197 0
9 1
131 5
10 0
199 1
40 0
86 5
123 4
30 1
198 4
31 0
1 4
159 5
93 5
91 2
2 1
8 0
69 2
134 4
102 2
48 5
128 2
54 5
116 1
37 4
58 1
183 2
41 0
68 5
146 4
22 4
104 2
132 2
150 0
64 5
54 5
56 0
61 2
85 1
100 2
58 2
81 0
57 5
31 3
160 2
139 3
92 3
123 4
83 0
54 4
108 1
174 4
141 1
115 4
126 1
151 0
191 3
170 0
161 1
107 2
143 4
19 0
105 1
2 3
174 3
131 1
18 0
57 3
14 2
100 3
61 0
43 1
189 2
55 0
192 2
45 5
117 5
107 3
72 4
102 5
171 1
165 1
79 2
189 1
60 2
151 2
11 1
45 0
58 3
56 5
10 0
146 2
1 1
186 1
193 0
61 1
168 0
84 4
135 3
159 5
110 4
153 1
166 2
139 0
57 4
32 1
121 4
81 0
182 5
1 3
116 2
72 4
37 2
19 1
116 2
73 3
185 4
11 5
6 1
166 5
124 0
91 2
85 4
96 3
53 0
144 4
167 5
112 5
37 0
25 3
140 4
114 0
39 0
172 4
65 3
103 1
129 4
161 1
25 0
90 5
42 5
11 0
161 1
90 5
159 3
20 1
59 0
29 1
167 4
97 3
146 4
116 4
97 1
30 2
2 4
41 3
100 3
76 5
184 3
134 5
187 2
148 5
53 3
174 0
45 2
189 4
72 3
180 3
159 0
167 1
195 3
137 5
190 5
81 2
39 5
59 4
115 2
39 2
31 5
107 4
22 4
44 5
88 0
15 3
36 3
162 3
80 1
15 1
162 4
172 1
135 5
113 0
62 1
146 0
177 1
9 5
85 3
69 4
136 0
117 4
199 0
95 0
2 1
104 1
78 1
109 5
55 4
9 2
43 5
181 4
192 1
49 2
161 2
92 5
31 2
21 0
155 2
106 4
98 5
112 3
1 2
38 1
134 3
187 1
87 3
145 2
51 0
26 3
154 5
101 5
20 0
179 2
183 0
90 2
130 2
48 4
99 5
2 5
94 0
92 3
185 3
124 4
110 4
169 5
100 0
199 3
177 1
193 1
80 4
52 5
130 4
37 4
37 5
73 5
118 4
142 3
9 4
128 3
87 1
197 3
167 3
169 3
40 5
75 0
143 0
119 5
91 3
116 3
15 5
118 1
182 3
76 3
39 4
49 3
101 4
179 0
58 4
111 0
20 4
175 4
117 4
51 4
67 1
151 1
160 5
73 0
38 3
102 4
77 0
192 2
53 5
190 5
10 2
160 3
178 5
79 2
13 3
142 2
149 1
134 0
119 1
78 1
152 4
110 0
121 3
2 2
57 1
59 4
80 5
139 0
36 1
158 1
178 3
65 0
53 1
61 2
26 3
120 4
16 4
40 5
85 4
195 5
49 1
88 3
28 0
152 2
198 2
187 2
159 1
34 4
121 4
7 5
155 1
64 2
123 1
110 1
191 0
63 0
170 1
94 4
56 5
82 1
8 0
198 4
69 2
8 5
59 1
58 1
119 4
16 1
29 0
57 2
170 0
47 0
43 1
57 5
61 2
152 3
165 4
6 2
114 5
1 4
36 5
23 5
162 5
36 3
73 2
67 0
125 2
179 0
94 4
18 5
71 3
0 1
167 3
134 1
31 5
138 1
62 5
67 0
192 4
34 1
168 4
64 3
13 0
21 0
108 0
178 2
117 3
111 5
162 3
68 0
152 5
43 0
115 5
165 5
91 5
195 3
133 5
89 1
178 0
9 2
167 4
163 0
122 3
196 4
62 4
146 1
11 2
99 2
103 3
155 0
116 1
76 3
50 0
149 2
71 2
26 0
173 2
134 0
154 1
161 1
49 4
74 2
105 2
180 4
30 2
133 0
167 0
24 1
142 3
151 3
7 3
46 3
110 0
10 5
117 2
173 5
191 0
143 5
24 5
176 0
46 0
182 4
110 3
18 5
71 4
156 4
39 5
89 1
168 5
29 1
17 3
198 1
79 1
162 4
34 0
102 5
30 5
172 3
26 5
116 3
54 3
82 0
80 4
13 5
2 4
48 5
61 2
178 2
78 1
23 0
164 2
32 5
31 0
59 5
127 0
193 4
163 4
67 2
146 1
181 5
63 3
192 1
164 4
110 0
89 1
27 2
17 4
183 5
48 1
167 4
15 3
46 0
56 5
116 0
130 3
153 0
152 1
42 0
132 1
1 5
16 3
69 2
112 3
110 5
90 4
125 1
54 0
108 2
18 4
68 2
192 1
103 1
181 1
30 5
40 2
56 5
28 3
106 2
184 2
91 5
22 1
71 0
82 5
28 0
187 5
109 3
4 0
35 0
91 2
86 5
113 1
193 0
66 4
187 0
127 2
180 1
110 0
133 4
128 1
12 2
27 2
115 0
175 0
90 2
76 4
34 1
101 3
79 2
87 2
182 5
161 1
48 0
135 0
115 0
96 4
45 4
144 2
82 2
176 2
43 5
189 0
20 1
172 4
188 4
130 3
34 3
77 2
190 3
104 4
19 5
34 4
86 3
