200 200
200
83 114
146 198
112 26
44 1
12 102
55 136
56 86
133 143
39 60
154 88
34 88
105 165
126 170
180 144
52 134
49 173
68 152
118 106
110 180
191 159
199 60
88 6
126 99
95 124
187 106
141 182
53 188
97 192
76 139
172 119
109 24
67 91
108 183
91 69
180 109
191 140
29 195
37 34
179 141
172 57
140 92
196 172
41 130
90 63
184 190
94 169
19 60
48 170
34 17
88 66
32 35
50 19
165 162
115 121
103 126
95 55
51 129
97 162
106 64
117 130
169 149
137 148
96 3
137 130
62 150
128 74
102 93
79 174
72 100
131 32
29 81
170 17
153 175
78 5
54 146
122 181
20 118
164 169
99 132
124 13
9 58
31 189
53 4
74 111
97 38
15 183
18 63
154 184
91 173
125 20
154 196
151 39
80 34
67 126
86 106
144 176
101 108
141 117
34 46
30 33
141 67
116 193
53 145
173 6
13 192
19 117
175 90
81 147
104 13
73 148
89 118
95 45
85 84
109 55
32 163
159 60
106 14
90 165
144 148
169 31
199 97
75 184
145 133
54 10
157 59
26 146
10 158
121 133
160 60
45 58
136 0
2 188
26 53
6 12
6 139
68 117
150 195
41 25
19 159
10 71
116 124
3 144
8 58
187 115
54 23
78 138
169 150
80 171
98 59
121 90
14 65
52 83
26 131
26 73
99 155
156 150
141 110
85 143
77 133
23 15
27 109
99 131
117 32
127 11
88 107
38 166
70 195
65 49
74 174
132 160
9 69
40 111
69 103
6 58
87 48
132 35
134 122
109 0
105 59
6 13
83 70
36 177
38 182
77 162
80 27
25 33
138 171
99 9
43 109
126 193
190 193
109 159
145 13
81 63
150 47
145 111
38 12
38 82
75 91
13 6
85 81
28 9
107 49
74 31
101 140
175 188
88 74
61 123
68 187
135 121
120 37
52 2
86 101
174 184
65 70
104 107
79 183
30 136
178 151
121 76
153 120
181 133
94 85
166 28
164 195
4 36
181 85
2 157
72 92
145 9
0 97
178 90
122 42
45 0
16 108
80 30
53 101
42 153
108 106
133 21
114 91
51 89
192 113
2 78
115 147
18 113
16 195
86 154
20 63
138 164
57 15
121 9
57 147
25 156
175 190
123 105
69 146
47 170
61 46
193 187
56 12
129 155
117 91
182 70
198 198
61 148
34 183
55 187
130 125
181 143
192 194
7 160
169 199
193 138
84 31
130 142
187 28
63 113
24 80
25 95
29 69
30 125
98 165
27 129
127 18
38 67
117 89
152 134
111 97
152 74
145 105
165 113
82 115
11 31
150 42
175 193
117 139
199 187
156 1
126 16
30 56
40 120
54 159
141 141
79 148
57 75
103 80
113 178
18 153
26 143
184 153
181 172
94 153
81 126
183 121
168 66
113 189
127 116
89 122
143 126
46 189
182 143
182 181
189 164
93 167
149 82
48 12
138 109
185 161
47 21
90 129
175 64
149 7
123 7
112 0
6 56
86 117
39 118
8 119
115 94
196 175
109 169
22 83
29 110
82 43
137 44
66 172
54 156
91 174
65 102
99 152
70 175
44 103
97 137
38 89
33 125
170 96
125 45
139 75
181 131
183 194
32 5
110 74
184 188
92 8
102 137
99 101
0 121
151 123
118 114
22 184
77 110
39 108
185 7
86 12
107 185
91 73
155 65
161 187
65 86
133 105
15 30
91 55
103 149
115 186
101 187
113 110
130 193
196 184
115 28
27 123
34 152
113 193
4 110
39 195
22 11
113 108
59 127
18 31
53 10
136 181
15 96
152 199
195 59
38 196
13 142
153 80
123 76
66 107
140 158
158 164
191 94
4 94
121 37
77 91
183 121
119 156
76 107
184 105
99 100
177 24
95 38
132 68
147 190
198 175
79 54
181 186
96 77
184 153
97 199
131 26
44 158
189 198
42 28
119 188
53 179
84 134
67 192
83 18
112 26
50 34
82 183
65 154
40 126
13 135
155 121
104 137
175 15
14 85
142 9
80 59
42 149
83 86
157 65
22 0
137 147
158 55
20 47
198 129
0 21
25 117
170 33
12 44
191 62
25 169
35 174
84 158
152 96
176 162
136 172
74 66
27 194
183 1
3 50
44 8
45 25
138 167
193 11
15 141
1 16
43 164
151 192
73 192
62 161
95 104
119 115
196 47
86 182
54 73
4 46
174 121
43 120
61 119
162 44
56 108
151 24
142 72
157 92
158 172
39 59
179 1
20 80
118 127
83 126
126 88
70 67
43 155
62 143
15 64
125 53
189 115
85 71
191 60
186 32
118 20
162 60
163 44
30 22
72 71
186 131
100 153
87 199
31 168
179 98
196 38
159 49
156 80
43 139
10 157
160 47
173 106
138 8
81 121
161 62
86 102
154 135
117 14
192 136
15 77
57 91
159 187
193 64
110 8
27 90
190 199
137 8
104 107
101 69
57 129
177 104
175 11
27 175
84 198
130 100
99 152
192 158
10 148
142 55
114 183
195 197
189 141
138 49
62 46
113 189
71 155
66 153
90 82
83 90
63 172
49 132
85 184
148 89
10 94
182 86
72 72
22 165
100 122
10 123
74 78
57 152
72 181
34 17
162 116
139 185
132 119
111 33
40 180
140 161
14 111
116 107
138 65
121 193
118 145
41 75
141 151
170 38
186 0
88 136
170 154
89 197
4 154
146 112
20 78
91 91
134 146
47 48
96 123
196 85
174 10
7 91
186 90
53 9
89 18
80 147
172 14
147 87
64 71
181 52
65 79
76 86
74 81
78 10
77 78
162 35
23 88
159 137
32 151
139 122
88 28
147 70
46 6
138 110
174 16
124 155
32 44
51 112
139 5
132 1
44 77
18 109
118 83
117 50
77 24
82 45
112 146
147 154
127 70
88 122
151 60
96 62
135 134
65 104
1 109
180 179
128 26
146 161
45 146
146 188
170 183
77 163
158 25
46 106
67 95
47 14
158 5
63 70
73 47
197 47
169 20
166 38
75 71
77 7
96 157
170 71
34 48
166 159
115 63
35 74
39 191
175 142
132 171
193 199
159 166
179 28
60 190
23 103
50 92
29 83
3 56
75 110
117 158
62 48
199 18
164 86
123 102
149 113
36 67
131 9
141 119
15 143
190 156
39 168
11 164
188 80
130 79
43 121
198 150
124 21
101 69
192 134
74 174
192 106
41 25
14 173
184 192
22 95
83 99
162 146
2 175
114 4
183 94
21 23
197 130
11 183
20 72
157 3
125 12
36 156
79 23
11 146
182 81
92 42
0 102
140 22
41 30
160 4
90 184
115 185
138 30
171 40
52 50
63 5
8 174
136 45
97 63
118 69
98 27
104 100
109 167
180 38
59 100
57 181
56 110
158 73
176 67
83 7
55 103
175 34
142 41
30 148
1 113
114 9
31 39
61 149
189 118
78 76
132 32
98 59
126 146
86 45
30 109
28 138
194 192
124 100
87 92
72 10
59 36
148 3
7 5
106 97
126 74
188 2
107 144
104 183
197 131
85 177
139 61
38 50
74 126
168 47
129 176
43 123
148 52
12 116
66 188
50 85
116 3
87 137
90 184
136 179
76 86
145 103
17 176
186 151
89 15
44 111
27 188
0 170
110 129
109 16
75 129
77 143
16 102
143 29
158 89
46 137
166 91
84 186
122 110
105 73
38 3
5 25
135 190
131 99
80 153
105 131
16 24
65 40
181 87
174 68
21 42
45 44
50 36
147 43
78 54
96 66
187 187
8 179
117 196
80 141
155 147
124 32
117 32
131 48
148 49
116 4
198 92
184 85
16 101
187 95
81 41
91 127
41 0
105 107
36 158
185 11
135 21
168 76
68 168
180 4
36 56
78 182
1 12
54 195
193 71
184 11
65 130
45 113
57 83
124 108
75 53
4 51
120 171
155 183
180 189
50 46
70 142
166 37
130 91
182 49
112 78
91 76
3 130
1 26
64 16
12 92
88 56
78 30
123 179
80 32
164 40
183 105
170 101
136 126
165 69
189 118
3 55
131 165
197 199
160 161
5 55
45 77
150 83
190 74
61 97
69 136
188 125
174 157
195 106
184 112
105 101
85 98
144 148
35 67
106 125
40 167
55 197
196 36
177 132
97 157
13 72
100 152
136 176
192 195
107 192
126 2
67 146
115 45
16 30
99 103
44 169
52 93
58 142
4 133
32 173
28 167
144 73
35 50
159 54
147 122
5 162
177 143
135 158
31 53
68 93
85 44
154 101
1 83
134 56
147 71
28 60
30 23
10 100
171 30
126 77
148 8
77 148
31 23
171 59
18 36
35 160
89 147
17 77
122 54
133 46
180 140
127 182
100 43
196 45
126 29
97 7
45 85
113 192
4 42
137 164
31 107
116 43
34 131
177 96
171 133
182 142
165 168
103 87
127 158
150 135
110 70
171 189
20 130
39 84
193 68
143 71
76 99
132 164
17 137
186 14
192 177
91 75
30 183
160 194
163 133
53 37
67 86
136 151
131 106
130 118
72 62
181 151
182 68
65 65
3 154
126 179
81 68
140 93
39 76
88 111
177 135
138 190
5 5
108 77
50 106
31 152
182 186
162 60
103 6
189 4
197 100
16 191
39 179
51 146
153 97
60 59
9 127
17 156
178 28
23 66
47 178
110 165
29 10
86 76
50 85
89 163
164 161
58 38
121 42
106 114
97 13
67 52
140 11
93 152
140 75
139 116
147 134
155 190
199 29
100 54
12 7
122 71
25 107
101 55
139 193
33 83
126 177
180 31
4 100
175 132
181 47
120 169
41 35
112 199
135 199
14 120
119 64
8 46
58 143
114 111
142 138
182 53
165 14
85 1
71 133
20 137
187 192
37 107
39 126
157 5
168 87
38 82
118 27
107 15
14 96
20 52
118 141
197 168
167 102
26 58
80 52
122 128
184 183
105 153
53 156
199 61
89 140
150 152
140 52
0 80
187 137
48 116
150 0
182 13
111 7
199 45
78 160
175 187
121 59
120 70
21 90
25 115
91 117
181 128
18 197
139 135
137 36
117 22
181 46
129 5
56 199
125 139
10 128
158 62
65 76
131 93
194 100
67 81
96 179
71 189
10 101
37 32
198 55
163 100
35 148
151 47
5 172
0 182
15 134
44 180
191 36
89 116
90 128
75 72
185 193
57 24
9 24
141 9
70 154
56 171
143 94
108 191
171 176
111 125
110 112
13 90
165 66
168 22
172 75
26 163
175 134
156 51
160 62
183 78
168 47
188 189
191 18
103 113
152 20
116 1
49 83
3 175
62 96
86 142
199 37
70 25
25 131
134 182
77 181
48 30
165 34
172 62
191 52
124 145
34 127
34 7
23 56
1 177
118 92
173 175
39 110
62 171
45 3
127 11
182 70
68 174
97 101
158 136
32 76
166 38
100 174
88 84
82 153
60 82
30 19
157 3
95 121
28 151
11 93
23 13
13 106
194 40
76 171
157 132
118 150
127 90
51 175
155 34
110 153
36 150
162 150
12 13
178 112
52 197
56 136
149 123
127 176
112 1
191 197
104 193
67 13
84 176
75 138
19 95
43 57
181 2
27 173
106 45
36 68
29 45
30 126
97 83
186 74
123 64
163 21
156 181
157 114
74 170
44 99
25 61
179 173
177 27
9 71
150 92
79 149
99 132
191 20
155 11
110 105
38 97
73 109
76 108
108 180
155 121
29 104
76 36
127 128
110 147
48 120
124 138
108 24
193 85
94 3
195 120
26 73
115 58
183 152
2 46
174 191
112 116
89 22
109 63
108 161
160 73
26 125
44 144
23 76
133 128
19 6
180 80
42 66
38 180
177 131
33 184
36 182
23 124
152 157
26 53
183 5
111 86
16 165
34 78
75 96
156 27
126 9
37 151
161 40
24 44
163 135
10 175
171 155
176 133
193 121
94 24
199 19
103 114
55 32
52 90
100 38
24 90
51 122
167 192
30 160
42 52
137 186
150 121
193 24
122 182
74 71
135 186
74 77
152 186
28 63
160 106
181 159
45 142
137 81
28 101
97 109
23 143
188 77
107 27
88 96
134 111
177 20
53 76
59 54
93 199
47 27
56 177
54 61
150 143
185 16
46 8
40 76
0 138
128 59
136 101
35 25
86 80
120 119
33 61
63 119
12 123
74 55
42 164
83 194
164 118
63 8
12 31
100 65
29 139
13 187
63 9
153 103
197 14
27 175
125 167
124 46
162 164
118 147
10 5
34 104
90 176
17 163
17 160
161 28
173 127
186 63
20 59
14 175
72 18
27 195
117 63
138 81
126 43
196 77
35 6
161 73
111 93
39 66
117 168
162 92
148 81
116 75
174 27
73 77
66 173
82 186
130 54
59 57
21 48
102 183
102 103
172 73
147 143
155 25
36 176
49 105
142 32
113 106
121 58
67 149
131 84
121 163
186 73
46 93
192 146
169 26
181 31
123 35
48 96
115 26
160 34
63 20
143 65
33 68
101 13
59 70
164 34
123 115
111 69
89 154
113 45
106 190
164 80
188 95
166 133
12 35
179 143
190 151
89 137
189 184
135 147
121 110
27 143
67 61
53 138
30 78
121 84
74 58
84 191
100 9
161 6
65 177
107 132
33 10
174 26
118 92
68 81
63 121
163 118
153 156
190 104
23 55
67 135
93 93
152 52
88 191
177 77
154 191
188 156
154 100
141 163
63 136
75 34
32 73
57 92
16 157
46 97
80 198
186 142
160 74
187 78
160 27
154 44
94 59
48 170
153 98
175 199
10 101
115 160
75 77
24 116
124 3
34 25
23 29
138 56
149 152
54 5
144 124
124 110
88 141
143 31
128 37
10 122
93 151
58 24
178 59
194 4
134 14
184 38
11 71
172 104
56 124
6 172
1 11
63 101
76 194
176 168
24 12
183 83
53 87
89 82
76 150
198 14
42 180
94 0
154 90
42 162
25 103
20 167
42 186
109 75
59 131
3 41
172 185
64 165
64 122
145 34
11 105
93 89
146 129
22 155
180 103
52 16
23 30
34 21
19 109
198 36
72 75
44 165
119 17
69 131
137 121
120 140
72 110
28 20
66 27
176 46
136 131
61 173
125 115
112 157
108 185
160 0
90 80
25 177
6 151
87 183
56 121
174 96
103 181
169 147
121 191
133 93
52 113
7 46
179 191
114 34
177 144
38 19
109 37
38 67
124 63
3 71
128 123
20 141
76 159
31 96
52 120
53 165
142 0
83 186
14 5
182 162
150 28
144 185
57 22
70 136
10 116
136 90
19 46
105 82
167 141
188 22
142 180
46 26
30 136
63 157
98 107
194 77
36 120
56 168
50 29
120 114
61 144
2 172
104 11
82 18
146 196
135 19
102 192
170 89
45 169
7 75
123 118
26 76
15 24
116 164
134 101
98 64
191 104
94 70
75 172
3 75
73 45
98 136
77 161
111 141
54 131
13 124
98 84
177 48
108 35
126 65
76 102
9 6
157 181
115 20
97 127
106 130
104 1
89 34
57 30
180 152
13 83
106 170
54 199
51 45
154 46
37 70
162 172
134 168
47 132
157 171
185 126
198 178
88 120
156 95
23 16
10 154
157 19
26 63
114 101
176 72
135 11
45 89
129 151
169 48
52 6
59 111
95 81
88 75
147 142
135 27
94 116
41 130
176 62
52 123
17 126
56 172
155 167
78 97
188 167
90 14
81 21
3 79
90 23
22 128
106 165
127 49
157 63
192 55
156 121
73 60
86 159
144 1
16 70
101 1
148 76
165 25
177 107
167 27
72 115
51 140
15 42
64 113
130 88
3 40
138 89
35 77
114 137
123 71
184 164
196 190
192 147
77 126
181 40
96 148
184 140
130 177
71 21
179 197
189 79
192 170
109 103
77 198
171 35
192 112
32 182
97 48
66 13
71 105
123 27
71 180
21 101
166 82
142 96
145 47
88 156
71 32
168 51
131 141
182 135
11 2
30 107
13 16
161 120
7 89
102 106
122 135
101 29
185 115
23 79
162 145
105 182
67 66
106 182
198 19
93 83
61 134
38 164
63 19
172 5
197 26
130 116
181 6
19 81
194 38
59 116
35 184
171 59
90 85
114 168
188 194
52 22
82 28
96 92
177 11
92 56
156 192
185 107
44 83
25 30
105 164
19 195
87 178
195 149
170 84
188 133
176 197
6 104
62 10
47 193
130 158
69 159
174 194
63 99
28 88
143 139
103 124
87 55
7 97
46 62
15 71
199 31
9 82
157 107
158 6
117 159
78 11
69 14
8 54
106 122
61 132
128 43
147 136
132 116
72 82
28 72
30 98
50 146
101 128
196 66
142 121
185 181
179 191
128 87
83 177
190 47
112 60
188 191
3 126
118 90
126 50
188 16
58 126
59 14
23 120
135 53
84 68
85 73
57 174
110 46
38 81
19 125
74 116
193 59
85 121
81 105
185 7
148 152
165 171
105 57
98 158
112 165
70 26
118 138
148 172
167 51
146 69
132 131
195 41
128 174
131 172
51 152
198 170
119 6
50 114
146 149
47 74
90 152
15 23
95 148
55 198
156 119
28 67
186 80
30 162
171 6
56 14
179 157
31 197
109 52
66 60
9 53
152 15
60 188
44 111
189 46
40 76
14 128
45 65
119 80
140 143
180 180
58 5
130 183
107 125
136 3
42 168
179 194
15 90
18 4
53 6
138 46
189 37
28 186
83 165
153 60
70 183
24 65
163 158
54 104
44 119
180 24
152 112
34 94
86 118
109 88
114 82
20 137
95 47
47 118
30 63
154 124
171 172
100 115
101 36
105 127
8 17
190 140
172 46
135 124
171 80
191 160
185 126
151 4
56 48
28 26
30 188
155 146
40 91
187 77
157 5
146 166
33 130
194 80
107 82
33 183
172 46
20 137
68 199
0 12
125 14
61 61
72 97
58 131
87 56
83 107
66 119
196 175
47 115
44 33
129 194
18 69
46 43
43 70
52 168
77 103
27 49
115 169
183 197
80 109
